num<-c(8,7,6,5,4,3,2,1)
num[4]
num[c(2,5)]
num[num>6]
